0.175557886812413 0.356519771586898 -0.190949386609891 0.0691033712937033 0.0883752531587437 0.195694586838218 0.104328619972734 -0.204275564099131 -0.300374259719759 0.711475446120758 -0.103026653960273 -0.146870552843948 0.126446231675243 -0.0104060671166828 -0.0240861748089667 -0.0664907348161996 -0.0077293954586947 0.0144980313558728 -0.022515731591887 -0.227231520461591
-0.306380829093178 -0.0111372697402662 -0.0385864517888169 0.0136441234463413 0.0670797256150467 0.0253695733532386 -0.0905761774694414 -0.021223476524297 0.00897343489043288 -0.00344564629608451 0.0456984982019758 0.139221287289711 0.209777744635538 -0.00809445838175811 0.287563909591405 -0.375393687676656 0.326224894424963 -0.269332072181213 0.612205363680873 -0.218007049654468
-0.306428852804145 -0.0113879504760964 -0.038695280351291 0.0138297190303237 -0.303491730551697 0.106289942855141 0.0631521785468535 0.0511165661101896 -0.0303257879626981 -0.039547485518089 0.0176213791114876 0.114257861456569 0.142514625552347 -0.00520335985392035 0.243445200940221 -0.346801932310816 -0.640494037606685 0.329515967474332 -0.110665794497678 -0.217929419426028
-0.305776049948461 -0.0114279834487328 -0.0390430830213797 0.0134832731826631 0.109991204201199 -0.102445679790624 -0.104470177721828 -0.0169502518362212 -0.013420495852367 -0.00816691546890492 0.16783667834397 -0.107434794311596 0.0358047913643728 -0.0173185092133021 0.239783426959489 -0.162852569964521 0.350867136985976 -0.180294625462175 -0.736492354008977 -0.217434334284546
-0.305903546282023 -0.010737068441942 -0.0385157340521932 0.0135653983510092 0.458796812771795 -0.147418462752979 -0.251019879318266 -0.183372887837204 -0.118186451813346 -0.0600166370977505 0.198778264824805 -0.340671288200117 -0.271109747157924 -0.0235486507311266 -0.132796455526192 0.179812712251365 -0.422964999334382 -0.161012093491554 0.162650818243447 -0.21756622585471
-0.306409512048115 -0.0110858125197796 -0.0384424898265017 0.0136322101052905 -0.427713080765095 0.00951957389816764 0.383194765364738 0.113452983058244 0.0994110997291239 0.0199536639633736 -0.0803460567508718 -0.512903087564696 -0.339876728396661 -0.0639271426019703 -0.115012064782486 0.0898610378134433 0.243880184647667 0.118113642153805 0.141258757176409 -0.217930947870178
-0.306137104257395 -0.011032924070418 -0.0388008815575559 0.0137417344357716 -0.148877957636458 0.128845329651987 0.117180845390804 0.10193455060264 0.0529152352202943 0.0687855940923184 -0.29278450485125 0.399935939337565 0.11301225949267 0.102747316129517 -0.289875423487502 0.363488337420536 -0.14101888437271 -0.520461253422025 -0.103488681843639 -0.217753921482484
-0.305324824309223 -0.0111978820499181 -0.0384983573461894 0.0134653747302562 0.246046738411143 -0.0199420923415105 -0.118296217673622 -0.0450534707119578 -7.91438259177723e-05 0.0213789973523441 -0.0564333153726535 0.308030189649869 0.10991816511324 0.0164742561648866 -0.233351365407258 0.253684361812993 0.284559389126354 0.684905236282623 0.0334294088158647 -0.217150331517354
0.108442859547227 0.012527538047436 0.471136817004943 0.218538616935256 -0.158967433313909 -0.101795536239058 -0.381290218609746 0.231535909810815 0.258402513648118 0.35677294988733 0.0488595231856418 0.101680816886522 -0.182703783931579 -0.364969164579755 0.181687991922317 0.158437770574315 -0.0333506589238889 0.00408715001807787 0.0335612520466125 -0.223592286600874
0.109527505614967 0.0128427564406986 0.472999671520559 0.21947419935673 -0.0848497259599135 -0.169468235898583 -0.0512313248535099 0.129456434051429 -0.6245868756514 -0.216066732984897 -0.195328375453372 -0.0734006198683674 0.0424697951502382 0.336362357039328 -0.0777854886842088 -0.0716132857076922 0.0608977073142554 0.00846959910784489 0.00628860308578603 -0.224414796930747
0.201091875452837 -0.35007725115925 -0.17479207638149 0.0615440516333052 -0.32623041032411 0.310269684843561 -0.137892637166716 -0.161451966971962 -0.185359811349956 0.00264100904836279 0.609075187606807 0.135500103926738 -0.100413214712349 0.176159518803144 -0.0554173030857612 0.162314052111986 0.0797866690914258 -0.0208988369345514 0.0340590291780857 -0.229566229075319
0.109182238615793 0.0128774448079946 0.472486101090861 0.219764341473333 0.243452665566821 0.271341550404121 0.431238462191613 -0.360883882373372 0.366853793333786 -0.138137732893592 0.146980461536734 -0.027620069717083 0.139483718027226 0.0270760627113676 -0.103391048196139 -0.0865734929471117 -0.0274349406489602 -0.0127422011235107 -0.0405363892601977 -0.224305823458061
0.201096912137831 -0.35072994010906 -0.17450863268433 0.0614272306680627 0.279005634833121 0.296053320409688 0.062971393217595 0.484343893250117 -0.131012302690142 -0.136437356860481 -0.100635589635025 -0.133561408039372 0.154737620018795 -0.459156694890849 -0.17319338551575 -0.124754670906386 -0.0114530069945694 -0.0131640423456951 -0.0316306909382003 -0.229993625523372
0.200495018610894 -0.349722602611454 -0.174145200671918 0.0614886882771756 -0.0884941086255029 0.0385302433466822 -0.306039270891336 -0.451758944807444 0.18828885675961 -0.100848962935408 -0.592073041425353 -0.120451654227286 -0.0784585116139046 0.0707829861685808 0.136160618140386 -0.0339879558795757 0.0132986242676294 0.0250493986093312 -0.0376356529394813 -0.22926523042076
0.200757305329063 -0.35061576440348 -0.174417793136676 0.0615101025868856 0.135183876829953 -0.645279026421991 0.380017295120272 0.127449368417035 0.12870909643665 0.234081800396402 0.0828264108229906 0.11811587786479 0.0235994496696422 0.212523619433679 0.0922412254256579 -0.0031633696306796 -0.0817822949500631 0.00892004494318242 0.0358358074289607 -0.22973497129099
0.109560236397582 0.0156263717099683 0.165070488281936 -0.640895592371406 -0.177592677634395 -0.272936591100219 0.0653933734820078 -0.308945684275703 -0.172110033708771 -0.0835710926430229 0.0441299498582242 0.0912974430524285 0.107837456774486 -0.446464634709912 -0.177692454137438 -0.0435645701816169 0.0131062731705742 -0.0444548907192959 -0.00513865408894425 -0.224732112082807
0.109914130253254 0.0152721962911526 0.165049499062536 -0.639869349639006 0.177603821556632 0.27347892702591 -0.0653924238610537 0.30906560153357 0.17279727304624 0.0836456874354499 -0.0440335898777431 -0.0915309290132785 -0.107473578361553 0.447400497060395 0.177889649630782 0.0436423567137351 -0.0133839789175485 0.0444120533777199 0.0050138696971666 -0.224195766473888
0.175978605877104 0.356415949116102 -0.189858147294042 0.0691881437414697 0.10061089176169 0.0477054235692568 0.244108078109664 -0.00917519978193627 -0.149898427903619 -0.347600762133634 -0.0487216611506507 0.215964181061855 -0.265935467877891 -0.170296090892655 0.522028293693436 0.3347095454099 0.00998028331509131 0.0119557518541051 0.0265880621577104 -0.227087451967577
0.175054697278565 0.355339177889423 -0.189089617700644 0.0694983756092714 -0.178620457867294 -0.169592047429159 -0.220676745897822 0.119660687945085 0.263790767320358 -0.232221078639494 0.128344178813737 -0.312017743440997 0.573208475643943 0.095968154960995 -0.0742201654397407 0.211333373727312 -0.0289821592456491 -0.000428327917011324 0.038901253428044 -0.226230304192656
0.175362229323002 0.356311321927718 -0.189981191730176 0.0691287315183821 -0.0110662047935515 -0.0750389087152471 -0.128719994626984 0.0950846006875263 0.188162107887532 -0.13265394189363 0.023554009171542 0.242145393787137 -0.432080305177957 0.0849248553917532 -0.423691388160816 -0.479252906570631 0.0267147277714258 -0.0255461279312736 -0.0430223818401077 -0.227032331850917
